Tomasz Stanczyk (front)
-0.06358806043863297
-0.005873492918908596
0.025080299004912376
-0.09399719536304474
-0.09311522543430328
-0.02135665901005268
0.028836332261562347
-0.07532525062561035
0.06383152306079865
0.02892635576426983
0.19720004498958588
-0.07264243066310883
-0.29129552841186523
0.002311097923666239
-0.05483264476060867
0.005946798250079155
-0.12395836412906647
-0.08522220700979233
-0.00439935177564621
-0.08374080806970596
0.005438495427370071
0.006076329853385687
-0.02071649394929409
0.05936715379357338
-0.09447354078292847
-0.2883872985839844
-0.04001256451010704
-0.1258891522884369
0.010494120419025421
-0.07892784476280212
0.04457542300224304
0.17635460197925568
-0.1620457023382187
-0.040871597826480865
0.05426859110593796
0.047593262046575546
-0.02638946659862995
-0.0709930807352066
0.23975461721420288
-0.014192037284374237
-0.07058384269475937
-0.022342372685670853
0.054107021540403366
0.308696985244751
0.08841612190008163
0.013625706546008587
-0.041560444980859756
0.01952601969242096
0.10783510655164719
-0.28727686405181885
0.01490175910294056
0.20597197115421295
0.14002440869808197
0.053483910858631134
0.00408575776964426
-0.11452362686395645
0.10816400498151779
0.0387854129076004
-0.3052099347114563
0.11915939301252365
0.04766976088285446
-0.15776865184307098
-0.05756520479917526
-0.11138419061899185
0.16320793330669403
0.036044877022504807
-0.13493108749389648
-0.0442643016576767
0.11996392160654068
-0.12142988294363022
-0.048524171113967896
0.028387131169438362
-0.12555533647537231
-0.2463618516921997
-0.13917936384677887
0.14104273915290833
0.29005521535873413
0.2299010008573532
-0.21944980323314667
0.05075015127658844
-0.04033783823251724
-0.06802855432033539
0.05062693729996681
0.04168489947915077
-0.018583837896585464
-0.045957669615745544
-0.07995195686817169
0.04460747167468071
0.1279614120721817
-0.04770519584417343
-0.03679507598280907
0.2349640130996704
-0.01273900456726551
0.02072850801050663
0.03216547891497612
0.06801916658878326
-0.09099369496107101
0.03968236595392227
-0.13794352114200592
0.07803334295749664
0.09692466259002686
-0.12302137166261673
0.015677470713853836
0.08162069320678711
-0.17297793924808502
0.17037458717823029
-0.026345402002334595
-0.09753351658582687
-0.0095100998878479
-0.10194636136293411
-0.06711690127849579
-0.016816552728414536
0.15492451190948486
-0.29424217343330383
0.22891239821910858
0.1691446155309677
0.07386019080877304
0.17370177805423737
-0.0024889521300792694
-0.01759520173072815
0.07119553536176682
-0.0592588372528553
-0.14632374048233032
-0.1746346801519394
0.08480177819728851
-0.0173012837767601
-0.025326106697320938
-0.004720684606581926
