Tomasz Stanczyk (side left)
-0.164265647531
0.0607458278537
0.0386574417353
0.0111546264961
-0.136415064335
-0.0310453400016
-0.0443388000131
-0.0520489178598
0.104595534503
-0.0677057877183
0.170796394348
-0.0187145564705
-0.155125871301
-0.0861557647586
-0.0160781461746
0.120566911995
-0.161396294832
-0.157816052437
-0.0232058614492
-0.0327103696764
0.0637069046497
0.0377121977508
-0.0236259326339
0.0214654393494
-0.124432191253
-0.347381234169
-0.0487431064248
-0.0936060771346
0.000939540506806
-0.0887349396944
-0.0540493875742
0.0766736418009
-0.178312540054
-0.0650423616171
0.0237800274044
0.0685981959105
-0.00413276953623
0.0650237128139
0.134818553925
0.0406369268894
-0.202234268188
0.0353601537645
0.0615792758763
0.33910626173
0.201036557555
0.087835021317
-0.0154256084934
-0.0782035887241
0.0923867896199
-0.272322535515
0.0711041986942
0.162395611405
0.0465874038637
0.0212897844613
0.0455244779587
-0.0986084416509
0.0089444257319
0.0721521377563
-0.168239355087
0.103622689843
0.124847210944
-0.0357422716916
-0.042056940496
-0.0480030886829
0.227964133024
0.0471851937473
-0.0790684968233
-0.124835118651
0.124626554549
-0.124660499394
-0.0924020782113
0.0739341005683
-0.128439977765
-0.226071462035
-0.290514439344
0.0938843712211
0.427579134703
0.146832019091
-0.135835513473
0.0459953732789
-0.0503069721162
-0.00858925748616
0.143931850791
0.0434299297631
-0.0594594739377
-0.0141588943079
-0.0989411994815
0.0868255347013
0.212030395865
0.0108914263546
-0.0235166009516
0.189878031611
0.0423866175115
0.0228698235005
0.0300279967487
0.0518176034093
-0.0193492770195
0.0202393960208
-0.218206018209
-0.0370744802058
0.0557660833001
-0.0436651073396
0.0145887006074
0.133012250066
-0.16335375607
0.116018041968
0.00335617666133
-0.0181815549731
-0.0402302965522
-0.0124313784763
-0.124887920916
-0.00443930691108
0.100152984262
-0.210400477052
0.199526906013
0.187863618135
0.127610847354
0.104902096093
0.0791640728712
-0.0260346401483
0.00772474147379
-0.0500292442739
-0.175951078534
-0.0231771636754
0.102441474795
-0.0337384827435
0.0502979308367
0.0402539931238
