Tomasz Stanczyk (side right)
-0.0699647963047
0.0510113798082
-0.0210063904524
-0.0413778983057
-0.0670232251287
-0.0356077514589
0.0074880248867
-0.0475986115634
0.137817621231
-0.041706636548
0.203226566315
-0.0163421556354
-0.293275862932
-0.0269024502486
0.0179884117097
0.0786613076925
-0.238366544247
-0.118813879788
-0.0349917821586
-0.0348369255662
0.0784548446536
0.0341936685145
0.0281899012625
0.0736927390099
-0.153778269887
-0.340074926615
-0.0961970686913
-0.104577288032
0.0206146724522
-0.0498293787241
0.0293965339661
0.122028715909
-0.186097040772
-0.0462167859077
0.0400681123137
0.0016287791077
-0.0156828332692
-0.017723524943
0.211760848761
0.0829033479095
-0.166409283876
0.022176630795
-0.0217032842338
0.371127724648
0.17898774147
0.0558434538543
-0.0109280720353
-0.0523083209991
0.0429871194065
-0.312731057405
0.0676683336496
0.242580473423
0.0486808158457
0.0189789943397
0.0160307735205
-0.148461714387
0.0193299185485
0.0992142111063
-0.262516051531
0.0965238362551
0.0505627766252
-0.0589199699461
0.0188871622086
-0.0702109783888
0.15062777698
0.0504282452166
-0.137804329395
-0.0863914266229
0.111794151366
-0.174192488194
-0.0659318044782
0.0296918302774
-0.187940210104
-0.295546233654
-0.321206480265
0.0661348998547
0.335054695606
0.186079725623
-0.16372923553
0.0484583862126
-0.0299897212535
-0.0269959531724
0.122082985938
0.106328569353
-0.0530313886702
-0.0288479700685
-0.0846665650606
0.09869363904
0.159958213568
-0.0381790623069
-0.0841709002852
0.285573065281
-0.00583345908672
-0.0158369261771
0.0536322370172
0.0621487163007
-0.032056260854
-0.0295166037977
-0.219030722976
0.0298346225172
0.00937579199672
-0.0656783208251
-0.0323308520019
0.141725957394
-0.160330817103
0.100064568222
0.015211192891
-0.102507382631
-0.080131560564
-0.0583578981459
-0.163747400045
-0.0562465153635
0.146371796727
-0.245186075568
0.203493535519
0.259242296219
0.088394023478
0.142536267638
0.0385618507862
-0.0325537472963
0.0057660471648
-0.0496509484947
-0.172622710466
-0.056177970022
0.0963893309236
0.0266464967281
0.02220730111
-0.02562186867
